500000 800000 300000 6931 11315 5000
661726 468041 132121 4846 5204 76
927851 417241 124575 7136 8486 2070
927180 608615 221345 3400 893 7074
608167 319518 289138 3317 3779 1435
378183 151858 41993 194 10 2945
937878 121351 83334 789 3695 5257
553975 296055 120626 661 5171 3759
616444 400167 267061 1445 1953 5896
400459 404629 348469 3012 3458 2166
343624 99235 67369 980 2157 1739
1000000 906973 72563 3941 6540 6267
989617 855223 679247 9550 1980 1336
66802 990006 1227 207 232 515
601143 340343 6399 2545 1367 4853
812724 402098 7520 7623 222 4479
726259 878904 316414 686 6828 3654
880172 972063 89624 6348 1748 6494
123491 169649 100467 701 130 404
59684 671495 446217 205 135 442
119369 780190 755995 828 419 1071
204039 305791 173066 425 1430 1836
994328 569751 566226 7367 8629 8965
659392 466393 244229 2872 5034 5178
596378 529799 97785 4708 5466 2458
637894 894955 838745 3078 2875 2813
425474 944254 673431 3902 1685 3682
180478 251678 40720 382 1566 807
203961 794157 301041 938 1665 872
709157 719460 46705 1710 1223 1926
189084 44970 31836 1063 1391 1589
616446 359017 85696 6154 4208 5557
416107 734050 26913 3355 2382 1700
319946 525981 46169 2409 200 2403
642836 544211 185453 2259 4800 6329
16669 509076 221523 35 43 35
940935 26299 19318 2623 966 1614
407638 310940 45119 231 863 2547
822952 586005 49124 6066 2360 1449
691412 803501 109710 408 1088 1874
167590 341216 320178 1105 278 406
