30
3 4
1 2 3 0
1 -2 3 0
1 3 -2 0
-3 -1 2 0
3 8
3 1 2 0
3 -1 2 0
3 1 -2 0
3 -1 -2 0
1 2 -3 0
1 -2 -3 0
-1 2 -3 0
-1 -2 -3 0
3 1
-1 2 -3 0
3 8
-1 -2 -3 0
1 -2 -3 0
-1 2 -3 0
1 2 -3 0
-1 -2 3 0
1 -2 3 0
-1 2 3 0
1 2 3 0
3 7
-1 -2 -3 0
1 -2 -3 0
-1 2 -3 0
1 2 -3 0
-1 -2 3 0
1 -2 3 0
1 2 3 0
4 33
-2 -3 -4 0
-2 -3 -4 0
-2 -3 4 0
-2 3 -4 0
-2 3 4 0
-1 -3 -4 0
-1 -3 4 0
-1 -2 -4 0
-1 -2 -3 0
-1 -2 3 0
-1 -2 4 0
-1 2 -4 0
-1 2 -3 0
-1 2 3 0
-1 2 4 0
-1 3 -4 0
-1 3 4 0
1 -3 -4 0
1 -3 4 0
1 -2 -4 0
1 -2 -3 0
1 -2 3 0
1 -2 4 0
1 2 -4 0
1 2 -3 0
1 2 3 0
1 2 4 0
1 3 -4 0
1 3 4 0
2 -3 -4 0
2 -3 4 0
2 3 -4 0
2 3 4 0
4 31
-2 -3 -4 0
-2 -3 4 0
-2 3 -4 0
-2 3 4 0
-1 -3 -4 0
-1 -3 4 0
-1 -2 -4 0
-1 -2 -3 0
-1 -2 3 0
-1 -2 4 0
-1 2 -4 0
-1 2 -3 0
-1 2 3 0
-1 2 4 0
-1 3 -4 0
-1 3 4 0
1 -3 -4 0
1 -3 4 0
1 -2 -4 0
1 -2 -3 0
1 -2 3 0
1 -2 4 0
1 2 -4 0
1 2 -3 0
1 2 3 0
1 2 4 0
1 3 -4 0
1 3 4 0
2 -3 -4 0
2 -3 4 0
2 3 -4 0
4 28
-2 -3 -4 0
-2 -3 4 0
-2 3 4 0
-1 -3 -4 0
-1 -3 4 0
-1 -2 -3 0
-1 -2 4 0
-1 2 -4 0
-1 2 -3 0
-1 2 3 0
-1 2 4 0
-1 3 4 0
1 -3 -4 0
1 -3 4 0
1 -2 -4 0
1 -2 -3 0
1 -2 3 0
1 -2 4 0
1 2 -4 0
1 2 -3 0
1 2 3 0
1 2 4 0
1 3 -4 0
1 3 4 0
2 -3 -4 0
2 -3 4 0
2 3 -4 0
2 3 4 0
9 30
-7 -8 -9 0
-7 -8 9 0
-7 8 -9 0
-6 7 -8 0
-5 6 -7 0
-4 -5 -6 0
-4 5 -6 0
-3 4 -5 0
-2 -4 -5 0
-2 3 -4 0
-1 -7 -9 0
-1 -2 -3 0
-1 2 -3 0
1 -2 -3 0
1 2 -3 0
1 2 3 0
1 2 5 0
1 6 7 0
1 6 9 0
2 3 4 0
3 4 5 0
4 5 6 0
5 -6 7 0
5 6 7 0
6 -7 8 0
6 7 8 0
7 -8 9 0
7 8 9 0
1 -7 -9 0
1 -2 -5 0
22 90
-22 18 -3 0
-21 -20 1 0
-21 -11 22 0
-21 3 15 0
-21 7 -17 0
-19 -15 -22 0
-19 -12 -17 0
-19 2 5 0
-18 -16 -8 0
-18 -14 -10 0
-18 17 -15 0
-17 -6 -9 0
-16 -9 -8 0
-15 -18 -10 0
-14 -7 13 0
-13 1 -15 0
-12 4 -14 0
-12 11 16 0
-11 7 -19 0
-10 -8 2 0
-10 4 -11 0
-10 15 -14 0
-8 13 3 0
-7 -21 -4 0
-6 -7 -19 0
-5 -13 14 0
-5 -7 -19 0
-5 11 -13 0
-4 -12 11 0
-4 6 -10 0
-4 13 -1 0
-3 -11 -17 0
-3 -9 22 0
-3 -5 17 0
-3 -1 -9 0
-3 13 12 0
-2 -15 -10 0
-2 -6 -9 0
-2 3 -9 0
-1 4 11 0
1 -13 -14 0
1 -6 -7 0
1 9 19 0
2 10 3 0
2 15 3 0
2 20 3 0
3 -16 -13 0
3 -5 -20 0
3 4 -15 0
3 5 -7 0
4 -19 20 0
4 -16 -6 0
4 5 -12 0
6 -13 8 0
6 9 -17 0
6 10 20 0
6 14 15 0
6 22 7 0
7 -8 6 0
7 12 -21 0
8 -21 20 0
8 -3 1 0
9 -12 -1 0
9 12 -2 0
10 -21 -22 0
10 -5 8 0
11 -13 22 0
11 -10 4 0
11 -8 18 0
12 -14 -3 0
12 20 8 0
15 5 -14 0
16 -12 -2 0
16 12 10 0
16 14 22 0
16 17 14 0
16 21 -18 0
17 -8 -19 0
17 19 -6 0
18 4 -19 0
18 20 17 0
19 -18 -5 0
19 2 -4 0
19 6 -13 0
19 17 5 0
19 21 18 0
20 -6 -13 0
21 2 1 0
22 -11 -9 0
22 12 13 0
22 95
-22 -21 -3 0
-22 -11 -21 0
-22 -8 11 0
-22 6 17 0
-21 -19 14 0
-21 -3 -14 0
-21 -2 20 0
-19 -9 -20 0
-19 -9 -10 0
-19 -6 -17 0
-19 -3 17 0
-19 8 5 0
-19 9 -7 0
-18 -16 -8 0
-18 22 -9 0
-17 -2 -1 0
-17 1 -22 0
-16 -21 -1 0
-16 -19 -10 0
-16 12 14 0
-15 -18 -8 0
-14 -17 15 0
-14 5 -13 0
-13 11 6 0
-13 19 10 0
-11 -15 8 0
-10 -5 -17 0
-8 -15 -5 0
-7 6 -5 0
-6 19 -4 0
-5 9 -3 0
-5 11 -13 0
-5 12 -8 0
-5 13 3 0
-4 2 -17 0
-3 1 -15 0
-3 18 -2 0
-2 -18 12 0
-2 -17 -13 0
-2 4 22 0
-2 10 -13 0
-2 10 19 0
-1 -3 10 0
-1 3 12 0
-1 3 20 0
1 -22 4 0
1 11 -14 0
1 22 6 0
2 -12 -5 0
2 10 11 0
2 15 10 0
3 -12 -6 0
3 -9 -4 0
5 -13 21 0
5 2 17 0
5 15 -14 0
5 18 -14 0
6 -7 2 0
7 -21 -18 0
7 1 -10 0
8 -10 2 0
8 -4 -20 0
9 -8 -16 0
9 16 3 0
10 1 9 0
10 1 22 0
10 18 -14 0
11 5 -21 0
11 16 -5 0
12 -20 3 0
12 20 -1 0
13 -7 20 0
14 11 -19 0
14 16 15 0
14 21 -11 0
15 2 14 0
16 6 14 0
17 -15 8 0
17 -7 11 0
17 -2 -19 0
17 10 -22 0
17 20 10 0
18 -12 11 0
18 -5 2 0
18 -5 6 0
19 -12 14 0
19 -5 22 0
20 -8 3 0
20 -1 15 0
20 7 4 0
20 -19 13 0
21 -13 6 0
21 -3 -18 0
22 6 -18 0
22 19 12 0
3 2
1 2 3 0
-1 -2 -3 0
3 2
1 2 3 0
3 -2 -3 0
3 2
1 2 3 0
-1 -2 0 0
3 2
1 2 3 0
3 0 -3 0
3 2
1 2 4 0
-1 -2 -4 0
3 2
3 2 3 0
-1 -2 -4 0
3 2
1 2 4 0
-1 0 -3 0
3 2
5 2 2 0
-1 0 -3 0
8 2
1 2 3 0
-1 -2 -3 0
8 2
1 2 3 0
3 -2 -3 0
8 2
1 2 3 0
-1 -2 0 0
8 2
1 2 3 0
3 0 -3 0
8 2
1 2 9 0
-1 -2 -4 0
8 2
3 2 3 0
-1 -2 -9 0
8 2
1 2 9 0
-1 0 -3 0
8 2
9 2 2 0
-1 0 -3 0
22 100
-3 1 2 0
6 7 8 0
14 15 16 0
-8 -7 -6 0
-18 -17 -16 0
-17 -16 -15 0
17 14 19 0
-11 -10 -9 0
18 19 20 0
-3 -2 -1 0
8 9 10 0
2 3 4 0
-1 5 3 0
21 22 -20 0
9 10 11 0
-9 -8 -7 0
15 16 17 0
-6 -5 -4 0
-19 -18 -17 0
1 22 3 0
-2 -1 7 0
11 12 13 0
16 17 18 0
12 13 14 0
10 11 12 0
19 20 21 0
-15 -14 -13 0
-13 -12 -11 0
-5 -4 -3 0
3 4 5 0
-21 -20 -19 0
13 14 15 0
-16 -15 -14 0
-4 -3 -2 0
-12 -11 -10 0
4 5 6 0
-10 -9 -8 0
5 6 7 0
7 8 9 0
-7 -6 -5 0
20 21 22 0
-14 -13 -12 0
-20 15 -18 0
22 -18 -21 0
-22 -21 -20 0
-3 1 2 0
6 7 8 0
14 15 16 0
-8 -7 -6 0
-18 -17 -16 0
-17 -16 -15 0
17 18 19 0
-11 -10 -9 0
18 19 20 0
-3 -2 -1 0
8 9 10 0
2 3 4 0
-1 5 13 0
21 18 -22 0
9 10 11 0
-9 -8 -7 0
15 16 17 0
-6 -5 -4 0
-19 -18 -17 0
1 2 3 0
-2 -1 7 0
11 12 13 0
16 17 18 0
12 13 14 0
10 11 12 0
19 20 21 0
-15 -14 -13 0
-13 -12 -11 0
-5 -4 -3 0
3 4 5 0
-21 -20 -19 0
13 14 15 0
-16 -15 -14 0
-4 -3 -2 0
-12 -11 -10 0
4 5 6 0
-10 -9 -8 0
5 6 7 0
7 10 9 0
-7 -6 -5 0
20 21 22 0
-14 -13 -12 0
-20 -19 -13 0
22 -18 -21 0
-22 -21 -20 0
5 6 7 0
7 8 9 0
-7 -6 -5 0
20 -17 22 0
-14 -13 -12 0
-20 -19 -18 0
22 -6 -21 0
-22 -21 -20 0
22 -7 -21 0
-22 -21 -20 0
3 4
-0 -0 -0 0
0 0 0 0
0 0 0 0
0 0 0 0
3 1
1 1 1 0
