Companions: none
Orcs: none
Companions: none
Orcs: (50,50)
Companions: (50,50)
Orcs: none
Companions: (0,0) (0,1) (1,0)
Orcs: (1,1)
Companions: (0,0) (0,1) (1,0) (1,1)
Orcs: none
Companions: (0,0) (0,1)
Orcs: (1,0) (1,1)
Companions: (0,0) (1,1)
Orcs: (1,0) (0,1)
Companions: (0,0) (100,100)
Orcs: none
Companions: (0,0) (100,100)
Orcs: (50,50)
Companions: (0,0) (100,100)
Orcs: (50,51)
Companions: (0,0) (98,100)
Orcs: (48,49)
Companions: (6,13) (43,49) (60,40) (64,35)
Orcs: (9,32) (25,47) (69,20)
Companions: (34,25) (89,90) (96,83)
Orcs: (27,80) (31,28) (86,21)
Companions: (1,70) (45,6)
Orcs: (35,2) (57,63) (63,51)
Companions: (12,80)
Orcs: (4,70) (37,4) (60,88) (61,8) (85,38)
Companions: (67,44) (74,63)
Orcs: (68,56) (79,32) (91,33) (98,39)
Companions: (28,12) (84,19) (87,10)
Orcs: (39,29) (46,33)
Companions: (38,53) (58,7) (60,69)
Orcs: (36,27) (46,13)
Companions: (45,3) (74,66) (89,36)
Orcs: (24,56) (44,71) (51,2) (75,9)
Companions: (7,96) (10,82) (13,79)
Orcs: (27,76) (39,97)
Companions: (13,61) (26,22) (81,78)
Orcs: (12,51) (67,16)
Companions: (79,85)
Orcs: (33,30) (37,22) (87,6) (97,77)
Companions: (8,79) (71,8)
Orcs: (2,41) (58,4) (91,25)
Companions: (31,42) (32,61) (39,26) (55,84) (74,85) (90,77)
Orcs: (87,20) (96,29)
Companions: (62,61) (63,15) (85,25)
Orcs: (49,22) (51,56) (89,37)
Companions: none
Orcs: (15,20) (21,74) (27,11) (42,81) (75,27) (78,54)
Companions: (36,57) (52,29)
Orcs: (27,39) (48,27) (55,53) (59,43)
Companions: (28,26) (41,0) (64,54) (83,41)
Orcs: (85,12) (86,35)
Companions: (30,31) (82,35) (89,84)
Orcs: (13,65) (90,46)
Companions: (28,55) (57,81) (87,57)
Orcs: (43,25) (68,23) (80,71)
Companions: (50,79) (65,46) (76,53) (79,59)
Orcs: (43,68) (56,82) (69,81) (78,72)
Companions: (44,37) (68,60)
Orcs: (31,76) (61,43) (64,72)
Companions: (13,54) (19,62) (35,60)
Orcs: (29,38) (37,44)
Companions: (2,79) (13,90) (33,17) (75,59)
Orcs: (0,38) (52,93) (54,92)
Companions: (9,47) (11,21) (71,66) (79,17)
Orcs: (32,1) (50,75)
Companions: (22,87) (86,43)
Orcs: (16,99) (38,67) (81,44)
Companions: (3,36) (4,24) (6,42) (28,16) (36,25) (37,34)
Orcs: none
Companions: (41,21) (75,40) (79,35) (80,33)
Orcs: (46,11) (51,7) (53,6) (65,45)
Companions: (87,28) (92,43)
Orcs: (49,24) (55,20) (56,67) (64,69)
Companions: (55,18) (60,63) (70,13) (87,19)
Orcs: (45,33) (78,64) (91,55) (93,52)
Companions: (32,63) (37,3) (58,70) (82,13) (89,39)
Orcs: (22,18)
Companions: (27,83) (28,75) (30,94) (45,58) (53,57)
Orcs: (64,60)
Companions: (19,32) (47,66) (76,25)
Orcs: (20,45) (74,21)
Companions: (19,43) (23,82) (30,31)
Orcs: (35,91) (51,94) (82,70)
Companions: (56,54) (69,31) (75,73) (97,62) (98,60)
Orcs: (67,32)
Companions: (58,6) (68,8)
Orcs: (54,13) (55,9) (57,19) (62,5) (65,20) (69,16)
Companions: (28,42) (34,0) (56,54) (74,45)
Orcs: (25,37) (79,10)
Companions: (28,25) (36,36) (41,38) (43,4) (62,23)
Orcs: (30,30) (56,8) (58,10)
Companions: (8,58) (15,60)
Orcs: (13,59) (16,83) (19,80)
Companions: (6,35) (33,96) (92,48)
Orcs: (5,69) (29,12) (42,98) (63,11) (90,39)
Companions: (52,77)
Orcs: (57,92) (77,62) (85,68) (86,89)
Companions: (53,80) (69,82) (72,97) (73,90)
Orcs: (48,85)
Companions: (4,88) (29,13) (88,100)
Orcs: (1,42) (85,21) (94,93)
Companions: (23,37) (30,98)
Orcs: (12,99) (49,79) (50,61)
Companions: (18,31) (29,53)
Orcs: (60,65) (92,4) (95,10) (96,37)
Companions: (48,5) (66,6) (97,37) (98,55)
Orcs: (25,16) (87,78)
Companions: (18,86) (40,28) (69,52) (70,58)
Orcs: (7,50) (12,80) (46,29) (48,91)
Companions: (70,42) (77,53) (85,45)
Orcs: (71,50) (74,38) (81,52) (82,39) (84,49)
Companions: (3,66) (27,93) (52,17) (68,86) (72,82)
Orcs: (79,41)
Companions: (48,99) (58,29)
Orcs: (37,50) (41,43) (51,33)
Companions: (36,17) (95,0)
Orcs: (38,1) (54,41) (86,37) (91,32)
Companions: (27,47) (62,9) (64,10)
Orcs: (26,45) (28,19) (36,11) (49,61) (78,32)
Companions: (37,83) (63,30) (73,92) (75,33)
Orcs: (30,69) (33,47) (70,93) (88,80)
Companions: (15,44) (30,47)
Orcs: (43,58) (47,66) (48,83)
Companions: (0,45) (6,12) (41,82) (76,2) (88,53)
Orcs: (11,67) (62,79) (91,32)
Companions: (23,27) (35,33) (48,32) (64,4)
Orcs: (15,11) (16,16) (63,17)
Companions: (54,39) (89,64)
Orcs: (18,82) (21,60) (29,49)
Companions: (7,38) (35,62) (38,7) (62,35)
Orcs: (16,55) (55,16)
Companions: (31,25) (33,23) (36,62)
Orcs: (25,38) (46,17) (70,28)
Companions: (11,63) (64,85)
Orcs: (14,35) (36,88) (59,18) (81,40)
Companions: (4,63) (6,17) (12,14)
Orcs: (19,69) (47,28) (50,40)
Companions: (26,15) (41,18) (54,44)
Orcs: (4,34) (19,64)
Companions: (42,72) (80,61)
Orcs: (12,57) (87,54) (98,16)
Companions: (27,90) (48,11) (96,44) (97,60)
Orcs: (15,33) (18,81) (64,12) (75,93)
Companions: (6,77) (15,45) (25,39) (37,99) (43,38) (54,93) (66,62)
Orcs: (16,92) (49,96)
Companions: (4,52) (25,1) (46,10) (52,19)
Orcs: (13,58)
Companions: (46,88) (77,74) (83,65)
Orcs: (5,47) (19,16) (28,10) (62,9) (84,31)
Companions: (2,9) (23,6) (42,44)
Orcs: (13,61) (27,59) (44,30)
Companions: (9,90) (22,56) (25,74)
Orcs: (4,46) (10,47)
Companions: (14,36) (18,73) (37,41) (40,62)
Orcs: (3,58) (35,39)
Companions: none
Orcs: (12,74) (13,76) (29,94) (60,2) (85,10)
Companions: (28,23) (51,4) (72,46) (78,32)
Orcs: (31,16) (43,53)
Companions: (68,65) (95,47) (96,58)
Orcs: (67,44) (69,66) (76,38) (87,39) (90,67)
Companions: (64,41) (66,87) (80,91)
Orcs: (58,47) (70,89)
Companions: (6,92) (80,34) (87,65)
Orcs: (13,98) (59,16) (85,74)
Companions: (82,72) (89,76) (91,99)
Orcs: (60,91) (62,97)
Companions: (26,98) (49,59) (64,64)
Orcs: (32,65) (74,79)
Companions: (24,77) (25,45) (29,40) (47,31) (60,32) (62,91) (68,88) (73,84) (81,53)
Orcs: (22,51) (36,89) (82,66)
Companions: (67,53) (69,76)
Orcs: (2,23) (13,20) (36,22) (66,87)
Companions: (34,65) (45,62) (60,91) (63,80)
Orcs: (57,67) (58,68)
Companions: (13,12) (65,64) (69,58)
Orcs: (1,30) (19,8) (47,76)
Companions: (39,71) (93,53)
Orcs: (50,29) (52,82) (59,26)
Companions: (35,75)
Orcs: (0,60) (52,73) (89,36) (91,19)
Companions: (14,47) (24,52) (37,51)
Orcs: (7,36) (35,8) (46,15) (50,38) (51,25)
Companions: (38,73) (45,74) (65,49)
Orcs: (28,40) (60,39)
Companions: (57,76) (64,83)
Orcs: (50,60) (51,43) (80,90) (97,89)
Companions: (40,31) (50,17) (51,64) (71,69) (94,28)
Orcs: (53,15) (78,13) (96,34)
Companions: (49,78) (96,7)
Orcs: (20,75) (54,77) (90,50)
Companions: (38,52) (53,62) (96,23)
Orcs: (30,28) (36,11) (95,41)
Companions: (18,69) (47,22) (70,33)
Orcs: (17,67) (26,29) (36,84) (72,72) (77,47)
Companions: (32,94) (84,10)
Orcs: (13,75) (14,25) (82,93) (97,23)
Companions: (18,30) (26,49) (32,51) (38,18) (51,34)
Orcs: (21,24) (41,19) (44,48)
Companions: (43,56) (54,51) (65,34)
Orcs: (8,28) (15,9) (18,6) (60,45)
Companions: (20,59) (29,77) (89,27) (93,69) (96,41)
Orcs: none
Companions: (3,56) (13,76) (35,30) (55,52)
Orcs: (53,66)
Companions: (44,25) (52,57) (88,39)
Orcs: (41,40) (81,20) (87,44)
Companions: (48,59) (77,45)
Orcs: (44,42) (55,31) (58,64) (70,61) (72,35) (74,57)
Companions: (22,57) (68,27) (70,73) (77,64)
Orcs: (29,31) (80,48)
Companions: (4,22) (32,71) (43,9) (50,65)
Orcs: (9,62) (63,44)
Companions: (6,82) (25,34) (79,81) (81,67)
Orcs: (16,97) (45,30)
Companions: (16,65) (30,18) (37,53)
Orcs: (6,15) (8,64) (29,61) (40,32) (41,40)
Companions: (4,1) (29,51) (94,46) (99,41)
Orcs: (39,56)
Companions: (74,7) (84,33) (85,29)
Orcs: (45,36) (46,14) (52,8) (67,47) (71,46)
Companions: (0,68) (10,79) (64,25)
Orcs: (47,84) (53,15) (69,62)
Companions: (14,38) (32,77) (61,92)
Orcs: (15,46) (30,75) (69,93)
Companions: (39,47) (49,81) (53,85) (84,11) (87,95)
Orcs: none
Companions: (12,13) (28,15) (47,48)
Orcs: (29,72) (45,32)
Companions: (68,12) (81,38)
Orcs: (66,22) (70,9) (88,3) (99,11)
Companions: (45,32) (59,78) (73,22)
Orcs: (39,56) (49,28) (95,42)
Companions: (24,50) (25,58) (59,80) (61,21) (68,77) (82,39)
Orcs: (31,31) (78,32)
Companions: (74,61) (77,85) (84,66) (86,76)
Orcs: (62,73) (63,78) (67,83) (79,62)
Companions: (11,63) (53,42) (56,93)
Orcs: (20,90) (38,39) (50,96)
Companions: (18,80) (84,49)
Orcs: (0,53) (1,57) (46,87) (50,3) (54,4) (77,21)
Companions: (30,6) (76,4) (82,97)
Orcs: (7,73) (9,27) (100,79)
Companions: (0,52)
Orcs: (18,22) (34,70) (38,68) (44,30) (50,48)
Companions: (33,11) (60,42) (61,25)
Orcs: (20,22) (25,49) (38,10)
Companions: (23,39) (28,44) (95,21)
Orcs: (14,20) (47,53) (94,0)
Companions: (79,68) (86,65)
Orcs: (48,46) (63,21) (72,19) (97,38)
Companions: (48,34) (52,38) (59,12) (63,40) (69,37) (74,27)
Orcs: (46,23) (49,17)
Companions: (50,9)
Orcs: (1,2) (12,85) (53,12) (60,61)
Companions: (4,14) (16,65) (43,73)
Orcs: (66,64) (72,58) (73,8) (81,35)
Companions: (55,37) (62,30) (98,38)
Orcs: (63,73) (82,76)
Companions: (13,18) (44,47)
Orcs: (1,66) (41,32) (42,55)
Companions: (24,27) (32,16) (54,93) (83,6)
Orcs: (26,73)
Companions: (14,42) (27,89) (44,18)
Orcs: (11,57) (12,66) (71,23) (78,86) (87,41)
Companions: (48,17) (55,60) (74,56) (83,32)
Orcs: (37,33) (40,25) (56,14) (79,51)
Companions: (36,52) (64,42) (73,49)
Orcs: (52,84) (67,81)
Companions: (18,78) (19,31) (49,100) (90,87)
Orcs: (54,10) (70,99)
Companions: (66,49) (77,22) (82,53)
Orcs: (68,25) (85,24) (93,40)
Companions: (37,69) (67,84)
Orcs: (41,82) (62,54) (64,55)
Companions: (30,48) (32,57) (62,16)
Orcs: (57,76) (71,18) (90,43)
Companions: (25,51) (36,41) (41,40) (56,46)
Orcs: (50,76) (55,45) (60,65) (61,60)
Companions: (2,86) (22,96) (62,26) (68,74)
Orcs: (12,16) (34,12) (50,92) (72,46)
Companions: (70,19)
Orcs: (15,54) (21,60) (28,4) (56,5) (71,47)
Companions: (22,3) (38,75) (68,23) (71,42)
Orcs: (19,72)
Companions: (8,76) (33,36) (58,51)
Orcs: (11,47) (60,72)
Companions: (74,24) (75,56) (79,34)
Orcs: (43,16) (54,14)
Companions: (14,4) (25,33) (37,41) (68,40)
Orcs: (85,23)
Companions: (28,59) (49,24) (50,96) (92,26) (94,92)
Orcs: (82,21)
Companions: (49,95) (59,93) (62,84)
Orcs: (47,94) (48,77) (53,76)
Companions: (10,0) (78,26)
Orcs: (42,74) (53,71) (69,59)
Companions: (43,83) (85,27)
Orcs: (4,44) (12,66) (21,75) (60,2)
Companions: (38,95) (53,65) (73,100)
Orcs: (36,84) (43,70) (67,67) (76,76) (78,90)
Companions: (46,14)
Orcs: (39,63) (49,12) (78,75) (93,65)
Companions: (49,79) (55,7) (72,64)
Orcs: (16,70) (79,43)
Companions: (10,51) (22,10) (50,6) (73,42)
Orcs: (8,45) (67,57)
Companions: (50,81) (57,25) (61,70)
Orcs: (5,77) (38,86) (66,58)
Companions: (46,0) (98,24) (99,31)
Orcs: (26,30) (33,11) (75,67)
Companions: (79,55)
Orcs: (64,39) (67,24) (69,49) (87,15) (91,16) (100,48)
Companions: (13,28) (38,77)
Orcs: (9,29) (10,84) (31,82)
Companions: (6,53) (87,80)
Orcs: (26,18) (29,94) (44,99) (55,11) (73,17) (92,40)
Companions: (36,57) (93,56)
Orcs: (35,78) (51,41) (57,99) (92,54)
Companions: (42,53)
Orcs: (4,15) (5,3) (54,52) (85,18)
Companions: (22,11) (50,1)
Orcs: (9,42) (19,14) (30,75) (83,22)
Companions: (53,11) (74,44)
Orcs: (42,28) (44,20) (58,48) (61,9) (77,41) (81,25)
Companions: (11,62) (36,45) (43,94) (49,91)
Orcs: (14,56) (60,69)
Companions: (9,41) (31,27) (53,85) (57,35) (59,37)
Orcs: (67,63)
Companions: (18,40) (41,16) (44,55) (47,18) (51,51)
Orcs: none
Companions: (12,37) (13,25) (40,1) (62,62) (71,54) (74,18)
Orcs: none
Companions: (8,69) (14,51) (34,47)
Orcs: (26,85) (36,83) (38,49)
Companions: (44,32) (80,30) (84,22)
Orcs: (39,7) (41,3) (65,39)
Companions: (26,70) (40,39) (73,74)
Orcs: (27,52) (58,38) (62,85)
Companions: (33,76) (37,24) (51,38) (53,54)
Orcs: (21,22)
Companions: (13,89)
Orcs: (1,38) (23,27) (50,80) (52,41)
Companions: (22,24) (54,64) (79,3)
Orcs: (30,52) (40,60) (87,13) (91,27)
Companions: (34,10) (68,95) (91,86)
Orcs: (16,56) (25,19) (71,1)
Companions: (20,84) (21,85)
Orcs: (13,58) (47,92) (50,38) (67,55)
Companions: (39,94) (81,64)
Orcs: (29,43) (36,38) (42,95) (78,52)
Companions: (19,74) (26,11)
Orcs: (8,47) (31,8) (58,87) (83,72) (88,27) (91,56)
Companions: (44,14)
Orcs: (1,33) (4,4) (24,44) (33,41) (40,6)
Companions: (86,97) (88,93)
Orcs: (30,89) (44,55) (48,53) (64,51) (90,77)
Companions: (21,58) (48,85) (71,96) (83,99) (90,100)
Orcs: (6,16) (7,23) (10,35)
Companions: (64,66) (69,36) (74,61) (78,48)
Orcs: (47,47)
Companions: (27,84) (46,8) (77,70)
Orcs: (4,50) (25,83) (66,81) (79,29) (80,31)
Companions: (30,65) (34,98) (40,60) (64,83)
Orcs: (24,75) (31,96) (55,63) (63,87)
Companions: (58,32)
Orcs: (56,48) (60,28) (82,74) (94,14) (98,72)
Companions: (11,54) (20,72) (54,38)
Orcs: (36,29) (49,73) (55,67)
Companions: (11,42) (26,84) (32,9) (42,4) (65,96) (67,2) (100,26)
Orcs: (12,37) (21,19) (23,81) (70,95) (81,7) (88,86) (98,75)
Companions: (20,43) (31,45) (44,58) (46,69)
Orcs: (2,52) (27,92) (37,87)
Companions: (15,47) (24,56) (35,32) (41,45)
Orcs: (26,30) (39,36)
Companions: (35,85) (41,11) (45,83) (57,19)
Orcs: (11,17)
Companions: (3,94) (64,33)
Orcs: (4,84) (54,34) (99,43)
Companions: (35,32) (47,56) (55,42)
Orcs: (30,37) (32,53) (40,57) (51,34) (54,49)
Companions: (10,42) (27,25) (55,72) (64,48)
Orcs: (12,65) (33,79) (50,27) (57,70)
Companions: (7,45) (41,8) (47,50) (55,29)
Orcs: (4,24) (26,57)
Companions: (49,95)
Orcs: (17,84) (24,70) (30,67) (52,89)
Companions: (81,21)
Orcs: (10,39) (12,34) (25,18) (31,91) (51,96) (87,28) (94,60)
Companions: (32,52) (60,80) (79,73) (87,42)
Orcs: (39,33) (70,25)
Companions: (7,63) (13,78) (40,44) (44,47) (50,69)
Orcs: (10,74) (29,41) (35,84)
Companions: none
Orcs: (56,75) (63,56) (66,95) (71,50) (95,98)
Companions: (11,35) (15,67) (19,21) (22,18) (35,83) (68,14) (70,78) (84,34)
Orcs: (36,10) (51,85) (79,69) (86,50)
Companions: none
Orcs: (59,91) (65,99) (88,62) (92,100) (96,68) (97,95)
Companions: (40,75) (51,74)
Orcs: (23,58) (24,47) (26,43) (55,72) (58,39) (59,40)
Companions: (8,85) (9,72) (42,39) (55,38) (92,64)
Orcs: (85,53)
Companions: (16,28) (29,7) (36,3) (78,17) (79,49)
Orcs: none
Companions: (74,0) (86,24)
Orcs: (3,43) (9,55) (81,51)
Companions: (11,58) (75,90)
Orcs: (8,67) (41,38) (73,54)
Companions: (63,16)
Orcs: (19,38) (36,70) (56,72) (68,66) (79,44)
Companions: (11,75) (63,16) (88,59)
Orcs: (26,90) (42,13) (85,38)
Companions: (32,17) (65,26) (73,45)
Orcs: (10,48) (11,55)
Companions: (56,25) (64,52) (74,7) (86,58)
Orcs: (55,33) (82,6)
Companions: (33,62) (42,30) (26,52) (29,38) (47,60) (58,67) (40,35) (64,50) (28,67) (40,69) (32,52) (53,33) (29,45) (42,31) (40,36) (47,48) (44,70) (38,66) (55,48) (54,44) (43,39) (60,63) (27,61) (48,56) (58,40) (42,55) (56,39) (59,55) (34,71) (22,49) (40,45) (39,69) (56,41) (38,72) (39,51) (39,61) (56,60) (46,55) (45,46) (24,43)
Orcs: (90,86) (98,96) (29,98) (94,45) (10,19) (77,1) (99,67) (82,47) (80,11) (5,26) (18,69) (7,7) (89,65) (36,96) (93,99) (2,97) (72,24) (72,55) (58,16) (50,21) (28,24) (53,76) (72,64) (72,98) (26,94) (71,50) (60,2) (11,78) (89,57) (66,57) (11,2) (73,98) (66,42) (46,7) (100,26) (36,16) (52,22) (52,18) (64,64) (51,87) (2,1) (23,7) (4,63) (47,0) (65,0) (76,32) (5,48) (95,12) (30,79) (80,55) (86,50) (82,20) (39,88) (55,8) (78,76) (74,55) (48,99) (83,87) (94,68) (0,88) (58,75) (81,48) (96,63) (93,1) (19,52) (16,50) (36,86) (28,5) (96,68) (50,90) (90,31) (19,96) (10,71) (79,49) (0,50) (95,64) (36,25) (87,7) (58,19) (95,86) (96,11) (2,15) (76,84) (36,88) (77,44) (13,2) (15,48) (97,22) (72,36) (98,8) (9,100) (66,41) (78,71) (71,57) (84,32) (61,25) (61,74) (70,49) (68,61) (37,3) (13,10) (81,13) (11,48) (74,78) (80,76) (87,42) (17,82) (78,9) (24,16) (68,54) (47,9) (6,68) (67,91) (68,91) (16,61) (69,4) (15,34) (80,83) (16,66) (69,55) (27,95) (0,72) (28,85) (99,94) (58,2) (5,59) (6,47) (80,81) (12,84) (67,37) (99,32) (0,30) (6,0) (50,83) (39,78) (17,88) (85,38) (84,82) (63,23) (71,1) (81,5) (48,82) (85,35) (51,22) (54,5) (71,3) (8,98) (69,51) (93,13) (16,9) (21,7) (19,99) (35,96) (55,4) (36,99) (1,83) (74,7) (3,91) (30,4) (2,98) (69,89) (26,89) (14,26) (17,62) (74,26) (60,22) (15,77) (3,62) (6,20) (51,83) (73,24) (3,16) (87,87) (47,5) (16,2) (83,65) (35,8) (66,31) (6,27) (73,22) (36,90) (64,6) (99,54) (93,7) (70,9) (86,77) (76,51) (45,74) (4,18) (88,16) (42,97) (18,34) (64,26) (57,27) (67,70) (54,73) (100,78) (98,77) (34,87) (91,10) (10,89) (95,70) (88,23) (16,45) (92,99) (93,77) (8,95) (88,54) (6,87) (18,62) (54,88) (18,90) (62,90) (68,59) (80,0) (23,90) (42,19) (27,8) (14,60) (67,33) (97,63) (4,19) (0,81) (3,84) (54,4) (71,44) (1,93) (81,75) (62,1) (78,72) (90,85) (6,98) (65,39) (24,15) (73,46) (84,5) (18,37) (88,83) (67,78) (53,85) (1,95) (8,30) (13,33) (68,76) (18,3) (32,86) (18,42) (1,67) (30,88) (39,26) (48,85) (96,25) (49,88) (80,12) (32,85) (31,73) (72,14) (85,83) (78,51) (1,50)
Companions: (36,83) (30,73) (11,2) (5,29) (11,52) (77,3) (93,20) (2,59) (69,89) (65,62) (82,39) (44,56) (45,77) (39,60) (67,86) (99,29) (45,66) (47,77) (72,14) (56,88) (70,32) (53,20) (26,84) (14,94) (25,36) (96,77) (39,87) (9,3) (28,89) (70,59) (19,24) (95,68) (31,78) (91,6) (73,39) (96,52) (57,5) (95,19) (15,59) (41,48) (45,52) (11,16) (39,25) (77,72) (66,38) (26,66) (7,52) (20,63) (45,90) (58,88) (98,60) (26,81) (40,54) (70,40) (21,12) (23,61) (92,62) (11,11) (90,94) (5,22) (60,90) (30,34) (46,49) (12,41) (70,39) (94,72) (92,13) (97,79) (52,3) (29,56) (42,89) (78,52) (47,2) (83,82) (46,4) (60,62) (24,74) (14,46) (20,66) (38,48) (29,83) (14,2) (37,24) (29,61) (100,51) (43,74) (5,89) (12,51) (89,72) (45,73) (100,56) (86,98) (22,13) (31,28) (15,32) (79,36) (38,42) (44,63) (76,82) (20,83) (90,98) (95,8) (63,0) (20,12) (65,32) (66,68) (98,58) (92,29) (48,69) (34,76) (93,6) (16,81) (60,28) (61,6) (92,66) (47,87) (62,10) (90,28) (7,31) (82,91) (69,74) (72,39) (8,76) (67,41) (36,93) (59,14) (10,1) (28,37) (13,48) (88,54) (56,27) (32,77) (0,42) (69,50) (37,29) (85,27) (73,99) (77,18) (7,55) (2,53) (76,100) (93,83) (80,46) (74,35) (31,35) (78,56) (16,46) (3,74) (3,95) (76,91) (61,16) (3,41) (32,97) (19,75) (95,17) (36,9) (45,36) (88,62) (10,61) (18,36) (18,62) (11,72) (40,91) (1,72) (91,11)
Orcs: (82,87) (94,48) (54,86) (47,93) (11,19) (4,63) (5,2) (85,71) (21,29) (40,72) (55,85) (89,4) (74,47) (94,95) (9,49) (8,35) (67,12) (40,74) (82,22) (2,69) (46,82) (50,31) (76,90) (77,45) (28,58) (67,72) (3,33) (58,76) (17,64) (87,30) (37,87) (62,25) (37,5) (67,6) (67,9) (65,63) (36,61) (28,46) (79,72) (43,75) (99,47) (23,45) (16,31) (79,1) (100,26) (32,16) (16,61) (27,7) (74,75) (93,23) (85,52) (33,23) (86,67) (18,67) (97,72) (45,26) (41,85) (74,9) (11,39) (21,81) (11,9) (95,96) (68,14) (69,64) (36,2) (93,1) (60,7) (37,50) (4,55) (57,95) (7,26) (65,56) (56,78) (11,69) (76,70) (25,17) (53,44) (55,94) (88,50) (20,60) (86,71) (97,38) (83,45) (74,12) (21,75) (35,68) (33,42) (49,28) (58,79) (62,7) (51,59) (31,34) (1,87) (59,47) (57,39) (88,37) (10,31) (48,79) (7,19) (41,92) (94,76) (85,94) (76,65) (22,61) (82,54) (52,87) (75,60) (44,40) (45,98) (63,30) (70,73) (53,97) (29,1) (7,77) (95,11) (8,64) (37,70) (93,42) (43,64) (34,15) (32,75) (67,48) (49,5) (46,35) (96,72) (92,65) (70,69) (74,77) (76,55) (15,88) (93,29) (18,34) (87,27) (31,6) (85,22)
Companions: (29,39) (83,94) (66,1) (94,75) (15,78) (36,87) (66,36) (48,28) (61,53) (36,71) (10,16) (46,49) (62,13) (38,4) (89,30) (55,75) (10,82) (99,64) (14,8) (60,80) (47,0) (8,85) (41,54) (41,73) (41,2) (79,82) (13,42) (36,49) (70,85) (85,7) (20,77) (78,29) (53,66) (4,45) (2,71) (57,17) (94,41) (48,88) (55,56) (20,65) (97,48) (16,100) (98,15) (51,5) (63,6) (18,96) (77,48) (5,33) (5,97) (46,75) (45,5) (23,8) (0,99) (58,34) (86,38) (20,83) (53,21) (60,29) (46,37) (95,55) (62,4) (34,38) (25,54) (64,69) (77,16) (68,42) (63,41) (42,32) (53,6) (80,78) (0,64) (38,60) (59,11) (19,78) (19,73) (34,34) (59,94) (58,69) (9,91) (39,91) (35,92) (31,16) (3,59) (100,7) (31,82) (28,44) (68,88) (39,76) (77,40) (34,12) (58,66) (82,0) (7,22) (65,22) (65,47) (84,85) (67,86) (18,54) (91,85) (56,49) (1,92) (69,72) (52,54) (31,17) (63,62) (15,13) (51,31) (20,39) (56,73) (77,86) (69,1) (24,59) (30,3) (67,18) (68,6) (84,46) (62,88) (81,82) (66,15) (66,91) (69,49) (37,79) (12,90) (13,26) (79,38) (70,8) (57,76) (27,85) (78,23) (93,68) (73,34) (15,19) (11,51) (86,30) (27,22) (27,13) (32,0) (46,14) (18,89) (57,89) (41,52) (60,7) (71,78) (57,53) (69,97) (40,70) (5,85) (60,100) (87,7) (50,97) (48,37) (32,50) (91,28) (21,71) (60,46) (21,20) (71,3) (8,44) (68,96) (96,96) (51,38) (19,77) (23,14) (36,90) (11,58) (51,47) (41,20) (18,27) (79,77) (49,82) (54,94) (34,93) (55,91) (99,96) (70,88) (56,22) (39,82) (28,70) (61,37) (22,76) (25,32) (60,37) (58,100) (57,15) (51,32) (67,44) (48,17) (44,74) (25,87) (73,21) (54,10) (46,28) (48,96) (91,94) (63,3) (1,13) (74,68) (50,40) (44,91) (13,67) (21,34) (95,50) (47,13) (90,59) (69,32) (89,6) (79,18) (30,55) (39,14) (58,45) (53,36) (87,90) (54,48) (39,69) (7,81) (4,4) (26,40) (65,91) (55,17) (80,82) (78,32) (56,81) (15,58) (85,29) (95,70) (11,33) (93,74) (23,32) (31,24) (6,76) (72,87) (2,49) (90,54) (12,27) (28,72) (70,78) (42,65) (23,18) (22,95) (42,22) (3,53) (74,79) (49,69) (54,21) (87,67) (26,63) (33,39) (73,35) (67,40) (3,83) (26,94) (45,10) (29,98) (37,72) (80,68) (39,26) (78,6) (17,40) (76,94) (4,97) (79,28) (44,58) (40,52) (11,79) (40,9) (86,35) (22,34) (25,0) (13,19) (81,19) (13,37) (29,47) (62,10) (41,8) (88,55) (92,2) (77,45) (95,61) (57,67) (9,62) (1,28) (55,67) (91,100) (83,11) (78,28) (1,75) (44,87) (17,78) (39,40) (14,9) (100,41) (21,13) (13,13) (84,54) (31,89) (66,47) (17,82) (78,43) (79,59) (43,10)
Orcs: none
Companions: (9,20) (49,6) (48,45) (65,14) (52,27) (15,0) (55,12) (42,18) (59,43) (55,11) (71,36) (20,39) (16,23) (35,50) (25,45) (48,15) (60,41) (14,25) (52,7) (4,25) (22,3) (25,15) (31,41) (60,11) (6,37) (44,37) (29,55) (3,18) (16,49) (6,20) (27,35) (22,34) (20,51) (48,6) (59,31) (57,36) (2,24) (66,14) (16,32) (60,24) (20,46) (65,40) (32,40) (5,33) (18,39) (23,17) (48,40) (41,52) (47,22) (56,28) (30,44) (33,37) (21,35) (55,51) (53,45) (69,5) (72,19) (17,28) (25,17) (19,37) (72,17) (15,29) (28,44) (63,33) (50,12) (58,50) (40,47) (72,13) (17,25) (40,36) (40,4) (65,12) (16,48) (62,38) (62,44) (24,3) (51,41) (14,44) (45,0) (18,7) (38,24) (27,51) (61,12) (7,10) (44,13) (28,2) (69,32) (47,4) (54,43) (61,26) (37,41) (22,46) (33,30) (65,32) (34,47) (56,18) (24,52) (66,35) (38,54) (6,31) (39,30) (48,3) (22,47) (64,6)
Orcs: (85,24) (19,87) (39,61) (37,62) (86,3) (83,91) (46,58) (40,73) (9,94) (34,91) (87,79) (60,52) (81,51) (70,56) (0,25) (65,83) (14,68) (41,84) (61,73) (50,78) (2,89) (59,61) (43,64) (93,47) (55,97) (86,61) (76,85) (63,86) (0,95) (18,95) (51,72) (2,64) (15,96) (2,13) (79,25) (10,100) (74,76) (76,4) (4,55) (75,79) (88,39) (27,61) (88,72) (38,76) (45,92) (15,93) (51,78) (1,85) (82,79) (83,25) (73,54) (10,92) (35,86) (43,86) (64,89) (89,32) (84,7) (37,95) (0,33) (51,73) (26,60) (99,41) (67,57) (46,62) (4,5) (80,85) (58,87) (8,60) (87,87) (12,89) (5,87) (59,89) (14,80) (69,81) (27,58) (76,15) (17,79) (4,1) (47,74) (86,13) (2,76) (7,62) (90,37) (73,48) (26,97) (47,91) (45,80) (2,34) (69,1) (89,11) (1,83) (63,73) (88,78) (17,61) (87,11) (41,61) (4,90) (87,29) (51,80) (36,100) (65,72) (53,66) (36,64) (91,74) (9,69) (93,67) (10,47) (3,94) (71,95) (94,18) (83,75) (22,86) (37,68) (76,49) (47,60) (6,94) (75,93) (2,48) (40,99) (20,55) (8,80) (37,75) (24,55) (66,69) (47,58) (64,76) (100,29) (3,86) (89,95) (76,44) (99,34) (0,10) (25,92) (8,70) (83,54) (100,81) (75,51) (59,81) (46,90) (61,80) (97,8) (86,91) (85,56) (82,27) (61,82) (74,67) (89,13) (58,89) (22,55) (92,30) (20,61) (7,82) (0,50) (31,75) (23,70) (71,53) (86,47) (28,69) (80,36) (44,71) (70,44) (70,81) (90,16) (93,38) (72,5) (90,64) (10,93) (98,53) (72,98) (48,94) (100,59) (80,8) (46,71) (61,61) (86,80) (91,44) (9,51) (83,72) (4,85) (32,80) (95,40) (9,61) (86,77) (34,71) (77,46) (93,37) (85,71) (2,62) (80,15) (55,68) (64,90) (92,18) (90,5) (86,62) (97,85) (39,63)
Companions: (37,44) (14,95) (99,70) (27,95) (27,97) (94,92) (22,56) (75,46) (37,54) (26,57) (42,96) (27,67) (47,78) (81,72) (56,51) (26,79) (60,60) (40,98) (25,98) (89,90) (89,63) (47,63) (52,60) (63,59) (39,49) (70,62) (89,89) (24,89) (75,65) (56,56) (98,70) (14,66) (67,94) (73,66) (50,96) (31,85) (23,70) (68,45) (32,61) (23,65) (38,99) (79,72) (93,70) (97,82) (85,46) (14,67) (99,72) (35,71) (49,49) (27,90) (75,78) (23,75) (40,49) (47,87) (13,76) (60,45) (84,61) (61,45) (60,42) (93,62) (59,42) (92,91) (65,77) (39,82) (8,90) (94,87) (62,40) (72,75) (34,49) (46,45) (60,58) (78,96) (42,58) (19,90) (89,96) (21,77) (97,81) (7,95) (80,47) (73,62) (93,61) (24,92) (41,75) (53,59) (100,76) (40,68) (87,75) (93,51) (27,65) (38,75) (87,87) (35,51) (32,78) (100,63) (37,79) (33,59) (69,52) (30,63) (65,83) (27,68) (87,48) (60,49) (55,48) (62,53) (92,69) (76,72) (38,73) (71,74) (75,76) (8,98) (31,82) (79,74) (17,71) (28,86) (89,56) (22,73) (52,77) (76,46) (61,90) (39,68) (35,64) (24,72) (37,67) (52,88) (12,100) (55,69) (40,92) (96,76) (87,65) (31,63) (56,74) (32,67) (60,73) (35,90) (28,85) (53,54) (35,59) (39,54) (49,75) (90,100) (85,55) (69,57) (35,96) (63,97) (32,58) (66,78)
Orcs: (62,31) (83,24) (50,11) (99,8) (75,35) (10,55) (33,18) (50,9) (0,42) (14,1) (60,31) (20,4) (2,78) (57,12) (29,42) (0,39) (64,8) (40,3) (31,5) (86,38) (4,22) (6,37) (6,94) (4,19) (97,32) (45,1) (31,4) (26,27) (12,33) (14,62) (26,0) (89,36) (85,30) (41,2) (84,21) (85,25) (86,19) (29,15) (75,30) (65,13) (44,35) (8,59) (5,12) (50,19) (30,0) (95,43) (25,25) (65,15) (38,14) (0,79) (3,40) (76,36) (73,3) (65,2) (81,21) (6,34) (0,68) (3,33) (97,33) (32,13) (97,9) (12,41) (4,63) (54,6) (1,19) (14,0) (91,13) (17,55) (11,58) (16,37) (95,16) (66,24) (7,70) (79,11) (93,41) (0,32) (70,35) (24,0) (69,12) (35,2) (26,45) (48,14) (18,48) (9,57) (5,61) (26,8) (20,44) (65,36) (6,93) (90,23) (24,43) (38,12) (17,22) (43,7) (53,9) (10,54) (80,25) (58,38) (33,25) (64,19) (20,20) (26,29) (45,21) (90,21) (5,27) (41,28) (26,16) (100,17) (24,22) (67,5) (48,22) (41,30) (52,30) (22,0) (64,15) (99,38) (6,100) (29,35) (85,3) (45,18) (56,24) (71,16) (23,31) (57,37) (40,32) (77,27) (68,3) (39,30) (6,66) (3,30) (0,15) (64,3) (39,25) (92,3) (88,32) (68,32) (79,22) (67,31) (28,36) (14,9) (31,36) (81,7) (14,40) (85,0) (85,41) (37,7) (95,26) (26,22) (43,23) (74,37) (31,26) (65,0) (27,34) (95,20)
Companions: (77,47) (23,45) (91,0) (17,10) (25,64) (76,77) (18,6) (81,99) (74,23) (97,57) (13,45) (64,84) (83,20) (4,51) (81,52) (31,12) (13,64) (14,55) (33,99) (82,27) (45,63) (30,6) (77,34) (7,6) (100,51) (33,42) (83,66) (61,59) (80,44) (56,87) (84,25) (55,83) (76,15) (72,35) (1,67) (29,86) (35,23) (4,1) (4,4) (5,23) (30,10) (6,65) (48,41) (81,20) (87,36) (79,85) (36,80) (43,91) (59,46) (85,17) (60,92) (36,98) (26,57) (59,92) (35,17) (94,62) (14,57) (1,90) (87,13) (0,26) (5,42) (78,14) (40,29) (89,80) (99,94) (21,97) (10,60) (46,69) (49,64) (2,65) (65,92) (75,78) (75,91) (67,46) (39,33) (57,33) (68,88) (0,69) (81,83) (79,22) (2,42) (89,93) (40,5) (95,13) (52,51) (87,68) (34,80) (53,92) (44,77) (92,18) (33,16) (79,28) (39,30) (69,14) (78,36) (46,60) (61,28) (91,100) (86,96) (4,22) (58,25) (43,16) (8,45) (91,76) (23,39) (4,69) (52,95) (12,43) (8,91) (98,64) (44,52) (89,43) (2,39) (28,76) (72,45) (10,19) (37,85) (37,47) (79,64) (47,47) (99,86) (33,7) (3,82) (100,76) (97,27) (35,33) (0,92) (95,93) (42,69) (88,23) (69,69) (53,77) (21,82) (66,84) (55,96) (61,21) (71,4) (91,99) (29,41) (55,94) (43,100) (89,19) (0,39) (36,55) (59,72) (76,14) (19,50) (97,15) (27,99) (71,53) (83,69) (10,73) (58,83) (18,12) (12,64) (88,61) (21,64) (82,67) (14,65) (71,93) (77,64) (47,3) (89,66) (24,63) (25,84) (99,100) (56,41) (14,62) (5,9) (57,9) (32,49) (29,28) (34,66) (87,54) (21,87) (98,45) (71,30) (68,78) (83,12) (53,99) (17,100) (71,64) (53,74) (21,65) (60,98) (77,82) (11,96) (2,55) (29,57) (90,63) (53,78) (37,48) (72,78) (87,8) (93,99) (62,38) (8,54) (55,82) (27,70) (63,82) (33,10) (10,96) (94,99) (96,17) (35,72) (60,64) (66,14) (9,92) (27,36) (99,30) (25,21) (99,45) (58,78) (6,92) (94,74) (3,41) (82,99) (17,41) (74,26) (86,99) (3,37) (18,66) (58,67) (42,41) (96,43) (8,67) (60,65) (35,5) (80,74) (53,86) (85,49) (92,1) (17,3) (88,26) (15,1) (20,66) (63,91) (60,40) (98,44) (28,83) (10,79) (59,75) (81,90) (22,52) (30,0) (9,44) (4,12) (78,54) (70,74) (63,88) (6,75) (56,24) (51,58) (98,48) (83,19) (41,66) (33,40) (62,16) (93,23) (13,25) (18,78) (64,60) (55,85) (66,67) (87,46) (98,32) (50,34) (65,3) (85,82) (77,77) (83,58) (80,50) (64,92) (15,68) (95,41) (23,67) (37,62) (34,3) (69,37) (37,40) (7,85) (52,65) (79,9) (7,50) (27,85) (55,84) (52,12) (7,46) (39,73) (71,98) (81,55) (51,44) (8,52) (42,77) (47,79) (8,58) (65,36) (25,71) (56,12) (11,65)
Orcs: none
Companions: (91,14) (3,13) (93,25) (86,23) (98,91) (97,76) (67,11) (41,43) (42,96) (32,64) (73,4) (49,92) (13,31) (19,24) (78,9) (6,81) (92,70) (50,36) (9,33) (23,100) (27,68) (27,85) (24,10) (30,68) (45,97) (90,48) (85,94) (43,88) (59,43) (77,100) (42,32) (100,45) (2,19) (75,34) (1,62) (62,92) (31,29) (52,57) (92,46) (54,99) (57,47) (47,99) (46,66) (31,34) (19,70) (45,67) (33,86) (91,9) (66,44) (87,72) (4,69) (68,97) (44,30) (43,2) (83,25) (33,2) (76,65) (36,76) (2,0) (49,78) (56,20) (99,33) (54,44) (69,13) (10,76) (59,100) (48,5) (6,60) (78,44) (68,67) (54,79) (95,19) (44,54) (98,45) (93,73) (2,30) (3,69) (51,53) (94,39) (7,76) (25,57) (1,98) (42,90) (10,44) (62,31) (70,54) (20,29) (26,73) (16,3) (46,30) (90,15) (25,18) (94,24) (59,59) (87,91) (41,1) (74,0) (71,49) (38,74) (85,87) (3,19) (62,96) (14,89) (24,85) (81,18) (94,31) (45,14) (82,67) (96,33) (60,86) (24,78) (44,24) (100,98) (84,15) (9,79) (80,12) (84,40) (70,28) (20,26) (72,59) (12,24) (5,57) (70,86) (79,51) (46,76) (90,14) (76,4) (74,39) (71,32) (65,42) (0,23) (89,38) (70,97) (82,17) (42,43) (12,67) (70,98) (10,28) (12,86) (11,69) (95,96) (22,94) (74,17) (28,57) (11,41) (88,64) (100,26) (22,30) (66,72) (52,97) (61,33) (49,0) (27,66) (33,90) (89,97) (22,91) (34,17) (5,97) (97,3) (60,61) (78,72) (63,44) (82,96) (99,53) (80,66) (14,48) (20,48) (36,26) (52,44) (97,97) (1,49) (97,24) (50,8) (7,50) (21,46) (5,84) (17,100) (14,11) (72,93) (17,69) (26,89) (44,94) (95,41) (9,6) (11,38) (40,6) (6,29) (70,58) (58,17) (61,94) (75,64) (72,72) (73,35) (100,36) (75,89) (55,32) (47,70) (28,39) (95,25) (96,27) (37,73) (1,51) (77,7) (68,26) (56,64) (24,22) (48,1) (40,95) (72,90) (24,90) (36,91) (24,37) (72,27) (93,19) (49,3) (65,83) (2,3) (25,8) (10,58) (62,38) (62,2) (31,46) (17,11) (24,25) (60,38) (96,58) (62,59) (73,52) (88,50) (31,97) (29,14) (64,80) (68,46) (28,58) (37,8) (62,45) (76,37) (66,43) (25,80) (45,62) (19,30) (72,36) (67,98) (44,12) (57,45) (92,67) (50,51) (93,87) (41,82) (91,31) (64,65) (13,62) (19,12) (19,29) (69,46) (64,39) (28,5) (53,68) (91,38) (66,3) (40,99) (64,15) (2,97) (59,8) (99,94) (12,53) (23,78) (40,24) (98,51) (79,9) (44,67) (30,60) (9,61) (64,74) (34,90) (15,93) (66,95) (30,77) (77,28) (73,8) (23,72) (83,73) (66,82) (89,14) (47,78) (89,64) (100,80) (84,31) (22,6) (79,27) (70,87) (3,58) (7,53) (10,50) (13,46) (32,46) (8,49) (26,85) (43,71) (19,1)
Orcs: none
Companions: (51,98) (15,36) (45,10) (2,33) (12,26) (14,37) (39,74) (47,56) (12,63) (19,98) (26,6) (50,35) (67,35) (74,8) (43,17) (44,73) (33,70) (19,35) (11,11) (39,32) (59,13) (53,88) (51,8) (2,87) (43,92) (58,20) (0,85) (18,74) (16,36) (68,92) (41,98) (19,38) (80,23) (28,16) (72,91) (83,93) (81,9) (18,47) (12,93) (57,94) (26,50) (3,61) (13,39) (64,99) (52,42) (81,15) (22,78) (44,47) (54,11) (48,98) (45,14) (73,93) (12,33) (74,43) (33,77) (48,71) (76,14) (56,21) (43,95) (0,33) (90,23) (66,53) (69,50) (96,23) (54,10) (33,58) (81,27) (11,41) (25,2) (91,80) (62,39) (24,70) (45,18) (68,30) (82,43) (100,60) (92,0) (59,23) (15,42) (5,30) (60,3) (18,27) (87,66) (5,14) (3,80) (81,16) (9,8) (93,43) (41,74) (65,67) (28,96) (32,100) (81,69) (37,26) (68,69) (80,99) (36,61) (35,24) (48,30) (39,98) (28,69) (87,81) (59,88) (17,60) (81,39) (76,76) (3,100) (70,59) (73,8) (41,73) (69,60) (3,46) (79,90) (25,83) (11,5) (10,93) (58,87) (5,97) (86,62) (1,17) (64,46) (38,1) (8,91) (1,71) (72,48) (2,86) (79,47) (13,23) (92,6) (18,1) (86,39) (85,76) (62,13) (20,28) (20,25) (70,77) (50,70) (12,72) (55,12) (13,62) (9,14) (1,80) (49,63) (51,13) (44,58) (33,78) (3,76) (80,66) (50,74) (82,81) (21,34)
Orcs: (7,57) (69,42) (17,51) (51,10) (90,55) (6,33) (45,31) (7,84) (29,26) (59,79) (30,80) (78,87) (25,44) (36,82) (42,24) (5,83) (21,72) (63,40) (79,25) (19,92) (78,35) (15,95) (75,83) (28,58) (57,6) (76,33) (15,65) (6,53) (65,99) (38,97) (33,45) (85,8) (64,10) (53,78) (72,31) (82,73) (82,58) (44,66) (17,81) (32,22) (78,28) (71,16) (11,71) (9,24) (14,65) (29,58) (18,29) (94,3) (51,74) (23,57) (66,19) (100,65) (74,73) (11,30) (22,63) (23,21) (86,87) (70,97) (74,5) (73,30) (32,91) (60,45) (25,37) (99,4) (38,75) (5,2) (12,67) (31,14) (92,23) (38,6) (84,49) (16,97) (50,48) (99,24) (36,35) (17,43) (10,84) (26,32) (0,12) (80,56) (3,9) (77,39) (23,30) (76,18) (53,29) (73,85) (50,90) (70,8) (91,43) (96,89) (79,91) (89,60) (0,53) (65,30) (6,84) (86,76) (53,40) (15,86) (9,89) (97,87) (93,26) (88,94) (97,91) (1,52) (96,62) (22,39) (74,80) (68,28) (22,7) (94,50) (71,25) (66,1) (22,73) (86,51) (28,10) (28,67) (73,84) (65,56) (84,23) (99,72) (89,40) (4,92) (17,74) (34,12) (90,37) (28,18) (24,71) (66,3) (24,10) (25,94) (1,70) (14,30) (46,92) (66,48) (73,70) (58,12) (65,73) (43,60) (74,51) (16,51) (4,21) (46,16) (30,28) (84,82) (91,14) (20,46) (58,67) (88,40) (60,25)
Companions: (26,4) (15,92) (73,98) (5,22)
Orcs: (15,11) (82,11) (95,76) (100,41) (92,81) (38,0) (78,8)
Companions: (89,85) (100,62) (19,95)
Orcs: (78,8) (1,29) (82,11)
Companions: (59,0) (71,4)
Orcs: (15,92) (8,18) (2,76) (24,5) (95,27) (2,27) (1,74) (1,29) (95,76) (5,22) (5,81) (96,74) (8,85) (78,95) (89,85) (24,98) (92,22) (19,95) (89,18) (73,98) (100,62)
Companions: (73,5) (100,41) (5,22) (92,22) (95,76) (96,74)
Orcs: (15,11) (100,62) (2,27) (92,81) (38,0) (26,4)
Companions: (92,22) (26,4) (78,95) (82,92) (95,76) (96,74) (15,92) (1,29)
Orcs: (100,41) (8,18) (5,81) (78,8) (59,0) (73,5) (24,5) (2,27) (2,76) (96,29) (92,81) (5,22)
Companions: (82,92) (59,0) (73,5) (19,95) (8,85) (5,22) (78,8) (71,99) (96,74) (26,4) (82,11) (8,18) (100,62) (26,99) (2,27)
Orcs: (89,18) (73,98) (92,22) (24,98) (15,11) (2,76) (15,92) (78,95)
Companions: (15,11) (96,74) (95,76) (24,5) (73,5) (24,98) (2,27) (96,29)
Orcs: (5,81) (89,85) (78,8) (100,41) (19,95) (78,95) (26,99) (82,11) (1,74) (89,18) (82,92) (1,29)
Companions: (78,95)
Orcs: (92,81) (26,99) (73,5)
Companions: (15,92) (96,29) (89,85) (8,85) (1,29) (71,99) (24,98)
Orcs: (96,74) (59,0) (100,62) (73,98) (89,18)
Companions: (38,0) (78,8)
Orcs: (8,85) (78,95) (89,85) (73,98)
Companions: (92,22) (5,81) (89,85) (82,11) (2,76) (59,0) (95,76) (19,8)
Orcs: (19,95) (26,99) (15,92)
Companions: (2,76)
Orcs: none
Companions: (24,5) (15,92) (96,74) (73,5) (1,29) (2,27) (26,4) (38,0) (92,81) (26,99) (8,85) (78,8) (92,22)
Orcs: (2,76) (59,0) (95,27)
Companions: (1,74) (2,27)
Orcs: (82,92) (82,11) (26,99) (78,8) (100,62) (73,98) (92,81) (5,22) (19,95) (24,98) (38,0) (15,92) (5,81) (8,18) (100,41) (19,8) (95,27)
Companions: (92,81) (38,0) (24,98) (96,29) (100,62) (73,5) (1,74) (24,5) (73,98) (95,27) (2,76) (82,92) (82,11)
Orcs: (89,18) (5,22) (96,74) (26,99) (26,4) (59,0) (78,8) (15,92)
Companions: (24,98) (8,85) (19,95)
Orcs: (89,85) (92,81) (5,22) (59,0) (1,74) (82,11) (2,27) (73,5) (5,81) (100,62) (19,8) (15,11) (78,8) (71,4) (95,76) (92,22) (8,18)
Companions: (24,5) (78,95) (96,29) (26,99) (95,27) (78,8) (95,76) (26,4)
Orcs: (89,18) (96,74) (100,41) (15,11) (2,76) (92,22) (19,95) (71,4) (71,99) (100,62) (59,0) (19,8) (24,98)
Companions: (71,99) (92,81) (24,5) (96,74) (95,76) (2,76) (38,0) (8,18) (89,85) (59,0) (26,4) (73,98) (71,4) (8,85)
Orcs: (78,8)
Companions: (82,11) (73,5) (1,29)
Orcs: (92,81) (92,22) (38,0) (59,0) (96,74) (95,27) (73,98) (78,95) (96,29) (89,85) (78,8) (71,4) (8,18) (82,92) (2,76)
Companions: (78,95) (59,0) (89,85) (19,8) (1,74) (92,22) (2,76)
Orcs: (96,29) (26,99) (2,27) (5,81) (78,8)
Companions: (92,81)
Orcs: (8,85)
Companions: (95,76) (89,85) (73,98) (2,27) (2,76) (26,4) (24,5) (89,18) (26,99) (92,81)
Orcs: (78,95) (82,11) (71,4) (8,85)
Companions: (26,99) (19,95) (71,99)
Orcs: (38,0) (15,11) (2,27) (95,27) (8,85) (8,18) (78,95) (78,8) (82,92) (89,18) (100,41) (2,76)
Companions: (73,5) (100,62) (95,27) (71,99) (82,11) (19,95) (24,98) (82,92)
Orcs: (26,4) (1,74) (24,5) (5,22) (5,81)
Companions: (38,0) (15,11) (15,92) (26,99) (26,4) (73,98) (19,8) (92,22) (82,11)
Orcs: (95,76) (89,18) (1,29) (78,8) (8,18) (24,98) (89,85) (59,0) (71,99)
Companions: (82,11) (73,5) (96,74) (82,92) (100,41) (15,92) (78,95) (5,22) (8,85) (92,81)
Orcs: (26,4) (95,76) (96,29) (5,81) (19,8) (26,99) (24,5) (8,18)
Companions: (8,85) (89,18) (96,29) (96,74) (26,99)
Orcs: (100,41) (89,85) (73,5) (15,11) (19,95) (100,62) (19,8) (1,29)
Companions: (8,85) (8,18) (19,8) (2,76) (19,95) (26,4)
Orcs: (96,74)
Companions: (8,18) (59,0) (2,76) (82,11) (78,95) (15,11) (8,85) (2,27) (82,92) (100,62) (96,29)
Orcs: (19,8) (89,18) (78,8) (95,76) (89,85) (73,98) (24,5) (71,4) (96,74) (100,41)
Companions: (15,11)
Orcs: (73,5) (89,18) (78,8) (24,98) (26,4) (82,11) (2,27) (96,29) (82,92) (89,85) (8,18) (95,27) (92,81) (19,95)
Companions: (100,41) (26,4) (96,74) (2,27) (1,74) (95,76) (24,98) (73,98) (59,0) (78,8)
Orcs: (15,11) (96,29) (92,22) (100,62) (71,4) (82,92) (89,85) (8,18) (8,85)
Companions: (71,99)
Orcs: (92,81) (78,8)
Companions: (8,18) (96,74) (15,92) (2,76) (89,85) (1,29) (19,8) (24,5) (92,22)
Orcs: (82,11) (15,11) (95,76) (2,27) (5,22) (26,99) (71,99) (19,95) (89,18) (1,74)
Companions: (5,81)
Orcs: (92,22) (78,8) (73,5) (96,74) (26,99) (100,41) (59,0)
Companions: (5,22) (1,29) (89,18) (15,11) (92,22) (82,92)
Orcs: (100,62) (2,27) (24,98) (92,81) (89,85) (95,76)
Companions: (19,8) (8,18) (15,11) (8,85) (100,62) (73,98) (71,99) (96,74) (5,22) (92,22)
Orcs: (95,76) (96,29) (1,74) (78,8) (92,81) (89,18) (24,5) (78,95) (2,76) (2,27) (100,41)
Companions: (73,98) (89,85) (73,5) (19,8) (15,92) (5,81) (19,95) (38,0) (82,92) (1,29) (92,81) (59,0)
Orcs: (71,99) (92,22) (100,62) (15,11) (2,27) (96,29) (8,18) (89,18) (5,22) (95,76) (95,27) (78,8) (78,95)
Companions: (19,95) (8,85) (96,74)
Orcs: (26,4)
Companions: (38,0) (5,22) (96,29) (71,4) (1,29) (26,4) (95,76) (73,5) (1,74) (8,85)
Orcs: (73,98) (15,92) (96,74) (100,41) (71,99) (24,5) (92,81)
Companions: (26,99) (8,85)
Orcs: none
Companions: (0,2) (1,2) (2,3) (3,4) (4,5) (5,6) (6,7) (7,8) (8,9) (9,10) (10,11) (11,12) (12,13) (13,14) (14,15) (15,15) (16,16) (17,17) (18,18) (19,19) (20,20) (21,21) (22,22) (23,23) (24,24) (25,25) (26,26) (27,27) (28,28) (29,28) (30,29) (31,30) (32,31) (33,32) (34,33) (35,34) (36,35) (37,36) (38,37) (39,38) (40,39) (41,40) (42,41) (43,41) (44,42) (45,43) (46,44) (47,45) (48,46) (49,47) (50,48) (51,49) (52,50) (53,51) (54,52) (55,53) (56,54) (57,55) (58,55) (59,56) (60,57) (61,58) (62,59) (63,60) (64,61) (65,62) (66,63) (67,64) (68,65) (69,66) (70,67) (71,68) (72,68) (73,69) (74,70) (75,71) (76,72) (77,73) (78,74) (79,75) (80,76) (81,77) (82,78) (83,79) (84,80) (85,81) (86,81) (87,82) (88,83) (89,84) (90,85) (91,86) (92,87) (93,88) (94,89) (95,90) (96,91) (97,92) (98,93) (99,94) (100,95)
Orcs: (0,3) (1,3) (2,4) (3,5) (4,6) (5,7) (6,8) (7,9) (8,10) (9,11) (10,12) (11,13) (12,14) (13,15) (14,16) (15,16) (16,17) (17,18) (18,19) (19,20) (20,21) (21,22) (22,23) (23,24) (24,25) (25,26) (26,27) (27,28) (28,29) (29,29) (30,30) (31,31) (32,32) (33,33) (34,34) (35,35) (36,36) (37,37) (38,38) (39,39) (40,40) (41,41) (42,42) (43,42) (44,43) (45,44) (46,45) (47,46) (48,47) (49,48) (50,49) (51,50) (52,51) (53,52) (54,53) (55,54) (56,55) (57,56) (58,56) (59,57) (60,58) (61,59) (62,60) (63,61) (64,62) (65,63) (66,64) (67,65) (68,66) (69,67) (70,68) (71,69) (72,69) (73,70) (74,71) (75,72) (76,73) (77,74) (78,75) (79,76) (80,77) (81,78) (82,79) (83,80) (84,81) (85,82) (86,82) (87,83) (88,84) (89,85) (90,86) (91,87) (92,88) (93,89) (94,90) (95,91) (96,92) (97,93) (98,94) (99,95) (100,96)
Companions: (0,99) (1,98) (2,97) (3,96) (4,95) (5,94) (6,93) (7,92) (8,91) (9,90) (10,89) (11,88) (12,87) (13,86) (14,85) (15,84) (16,83) (17,82) (18,81) (19,80) (20,79) (21,78) (22,77) (23,76) (24,75) (25,74) (26,73) (27,72) (28,71) (29,70) (30,69) (31,68) (32,67) (33,66) (34,65) (35,64) (36,63) (37,62) (38,61) (39,60) (40,59) (41,58) (42,57) (43,56) (44,55) (45,54) (46,53) (47,52) (48,51) (49,51) (50,50) (51,49) (52,48) (53,47) (54,46) (55,45) (56,44) (57,43) (58,42) (59,41) (60,40) (61,39) (62,38) (63,37) (64,36) (65,35) (66,34) (67,33) (68,32) (69,31) (70,30) (71,29) (72,28) (73,27) (74,26) (75,25) (76,24) (77,23) (78,22) (79,21) (80,20) (81,19) (82,18) (83,17) (84,16) (85,15) (86,14) (87,13) (88,12) (89,11) (90,10) (91,9) (92,8) (93,7) (94,6) (95,5) (96,4) (97,4) (98,3) (99,2) (100,1)
Orcs: (0,100) (1,99) (2,98) (3,97) (4,96) (5,95) (6,94) (7,93) (8,92) (9,91) (10,90) (11,89) (12,88) (13,87) (14,86) (15,85) (16,84) (17,83) (18,82) (19,81) (20,80) (21,79) (22,78) (23,77) (24,76) (25,75) (26,74) (27,73) (28,72) (29,71) (30,70) (31,69) (32,68) (33,67) (34,66) (35,65) (36,64) (37,63) (38,62) (39,61) (40,60) (41,59) (42,58) (43,57) (44,56) (45,55) (46,54) (47,53) (48,52) (49,52) (50,51) (51,50) (52,49) (53,48) (54,47) (55,46) (56,45) (57,44) (58,43) (59,42) (60,41) (61,40) (62,39) (63,38) (64,37) (65,36) (66,35) (67,34) (68,33) (69,32) (70,31) (71,30) (72,29) (73,28) (74,27) (75,26) (76,25) (77,24) (78,23) (79,22) (80,21) (81,20) (82,19) (83,18) (84,17) (85,16) (86,15) (87,14) (88,13) (89,12) (90,11) (91,10) (92,9) (93,8) (94,7) (95,6) (96,5) (97,5) (98,4) (99,3) (100,2)
