1 54
1 34
1 24
1 30
1 26
2 89
2 57
1 44
1 20
1 32
1 27
1 44
1 55
1 7
1 96
1 14
1 5
6 291
1 33
1 30
2 173
1 31
2 71
1 39
4 227
3 134
3 160
3 134
2 113
1 66
1 30
7 363
1 39
1 19
1 13
1 17
1 15
1 24
1 6
1 2
1 39
1 37
1 19
4 60
1 32
1 37
2 37
1 2
1 37
8 158
1 15
8 158
8 158
1 32
1 32
2 65
1 81
1 68
1 22
1 77
1 21
1 37
2 69
1 39
1 46
1 67
1 10
1 24
1 6
2 106
1 62
1 27
4 94
4 94
2 36
2 20
2 78
2 43
4 134
1 67
2 43
4 161
1 18
1 17
1 21
1 15
2 12
6 77
6 77
1 18
7 89
2 20
3 34
2 20
9 114
2 12
2 12
14 185
2 31
21 271
21 271
21 271
2 24
21 271
21 271
22 276
24 300
24 300
24 300
24 300
24 300
1 57
1 17
1 14
1 17
1 50
1 8
1 4
4 67
1 34
1 20
1 48
6 170
7 185
7 185
7 185
4 152
1 28
2 57
2 57
2 57
14 430
1 14
14 478
1 21
2 30
2 29
2 88
1 15
1 62
2 82
2 30
1 13
1 60
4 175
1 34
4 214
1 48
2 71
6 249
6 249
1 9
3 100
3 88
2 30
1 15
1 12
1 11
2 54
1 39
1 20
1 44
1 30
2 85
1 49
2 7
1 17
3 54
1 19
1 22
8 193
1 17
8 193
1 25
7 208
8 193
1 22
13 359
8 248
1 46
1 5
10 279
2 67
21 514
24 546
34 825
34 825
2 24
1 35
2 29
1 16
2 29
4 51
3 50
3 82
1 30
1 17
21 365
21 365
27 514
27 514
30 580
30 580
1 1
31 598
1 17
31 598
31 598
1 4
31 598
32 615
32 615
32 615
